21413
24045
25351
26559
30275
30291
31021
31047
31049
31067
31079
31081
31193
31217
31219
31221
31385
31393
31399
31401
31423
31425
31427
31443
31445
31451
31453
31463
31467
31469
31471
31473
31475
31477
31479
31489
31491
31497
31501
31507
31511
31515
31517
31519
31521
31529
31531
31655
31657
31659
31671
31679
31683
31685
31687
31689
31697
31711
31713
31715
31717
31723
31725
31735
31747
31749
31751
31753
31755
31763
31765
31767
31771
31783
31787
31789
31791
31807
31809
31825
31829
31835
31839
31841
31843
31861
31871
21413
24045
25351
26559
30275
30291
31021
31047
31049
31067
31079
31081
31193
31217
31219
31221
31385
31393
31399
31401
31423
31425
31427
31443
31445
31451
31453
31463
31467
31469
31471
31473
31475
31477
31479
31489
31491
31497
31501
31507
31511
31515
31517
31519
31521
31529
31531
31655
31657
31659
31671
31679
31683
31685
31687
31689
31697
31711
31713
31715
31717
31723
31725
31735
31747
31749
31751
31753
31755
31763
31765
31767
31771
31783
31787
31789
31791
31807
31809
31825
31829
31835
31839
31841
31843
31861
31871
